boundary [(-10, -10), (10, 10)]
global_regions 9
global_colors {'r1':(1, 0, 0, 0.5), 'r2':(0, 1, 0, 0.5), 'r3': (0, 0, 1, 0.5), 'r4': (1, 0, 1, 0.5), 'o1':(0.5, 0.5, 0.5), 'o2':(0.5, 0.5, 0.5), 'o3':(0.5, 0.5, 0.5), 'o4':(0.5, 0.5, 0.5), 'o5':(0.5, 0.5, 0.5)}
r1 [(-10, -10), (-6, -6)]
r2 [(6, -10), (10, -6)]
r3 [(6, 6), (10, 10)]
r4 [(-10, 6), (-6, 10)]
o1 [(-4, -4), (4, 4)]
o2 [(-10, -4), (-8, 4)]
o3 [(-4, -10), (4, -8)]
o4 [(8, -4), (10, 4)]
o5 [(-4, 8), (4, 10)]
local_requests {'fire':(1,'y'),'survivor':(0.75,'g')}
local_obstacles 4
local_obstacle_label uo
local_obstacle_color (0.8, 0.8, 0.8)
[(2, -7), (5, -5)]
[(5, -3), (6, 3)]
[(2, 6), (4, 7.5)]
[(-6, -4), (-5, 1)]